DISPAT = Create(DISPAT,[mark 0],[tran [0,9,0],[0,21,0],[0,24,1],[1,25,0]])
           (2,4)

SPCOVER = Create(SPCOVER,[mark 0,1,2,3],[tran [0,1,1],[0,10,1],[0,11,1],[0
          ,13,2],[0,22,2],[0,23,2],[1,2,0],[1,4,0],[1,13,3],[1,22,3],[1,23
          ,3],[2,1,3],[2,10,3],[2,11,3],[2,14,0],[2,16,0],[3,2,2],[3,3,2],
          [3,4,2],[3,14,1],[3,15,1],[3,16,1]])  (4,22)

SPECA = Create(SPECA,[mark 1,2],[tran [1,1,2],[1,2,0],[1,3,0],[1,4,0],[1,5
        ,1],[1,6,2],[1,7,1],[1,9,1],[1,11,2],[1,13,2],[1,14,0],[1,15,0],[1
        ,16,0],[1,17,1],[1,18,2],[1,19,1],[1,21,1],[1,23,2],[2,2,1],[2,3,1
        ],[2,4,1],[2,5,2],[2,7,2],[2,9,2],[2,14,1],[2,15,1],[2,16,1],[2,17
        ,2],[2,19,2],[2,21,2]])  (3,30)

SPECB = Create(SPECB,[mark 0,1],[tran [0,1,0],[0,2,1],[0,3,0],[0,4,1],[0,7
        ,0],[0,9,0],[0,13,0],[0,14,1],[0,15,0],[0,16,1],[0,19,0],[0,21,0],
        [1,1,1],[1,2,2],[1,3,1],[1,4,2],[1,5,0],[1,6,0],[1,7,1],[1,9,1],[1
        ,11,0],[1,13,1],[1,14,2],[1,15,1],[1,16,2],[1,17,0],[1,18,0],[1,19
        ,1],[1,21,1],[1,23,0]])  (3,30)

SPECM = Create(SPECM,[mark 0,1],[tran [0,1,0],[0,2,0],[0,3,0],[0,4,0],[0,5
        ,0],[0,7,1],[0,9,0],[0,13,0],[0,14,0],[0,15,0],[0,16,0],[0,17,0],[
        0,19,1],[0,21,0],[1,1,1],[1,2,1],[1,3,1],[1,4,1],[1,5,1],[1,6,0],[
        1,9,1],[1,11,0],[1,13,1],[1,14,1],[1,15,1],[1,16,1],[1,17,1],[1,18
        ,0],[1,21,1],[1,23,0]])  (3,30)

SPMUTEX = Create(SPMUTEX,[mark 0,1,2],[tran [0,9,1],[0,21,2],[1,10,0],[2,2
          2,0]])  (3,4)

UAV1 = Create(UAV1,[mark 0],[tran [0,1,1],[1,2,2],[1,3,0],[1,4,3],[2,7,4],
       [3,5,0],[4,9,5],[4,11,1],[5,6,1]])  (6,9)

UAV1N = Create(UAV1N,[mark 0,1],[tran [0,1,1],[1,2,2],[1,3,0],[1,4,3],[2,8
        ,4],[3,6,0],[4,9,5],[4,11,1],[5,10,1]])  (6,9)

UAV2 = Create(UAV2,[mark 0],[tran [0,13,1],[1,14,2],[1,15,0],[1,16,3],[2,1
       9,4],[3,17,0],[4,21,5],[4,23,1],[5,18,1]])  (6,9)

UAV2N = Create(UAV2N,[mark 0,1],[tran [0,13,1],[1,14,2],[1,15,0],[1,16,3],
        [2,20,4],[3,18,0],[4,21,5],[4,23,1],[5,22,1]])  (6,9)

PLANTN = Sync(UAV1,UAV2,DISPAT)  (72,276)  Blocked_events = None  

SPECAN = Sync(SPMUTEX,SPCOVER)  (12,66)  Blocked_events = None  

SUPNEW = Supcon(PLANTN,SPECAN)  (0,0)

DATNEW = Condat(PLANTN,SUPNEW)  Controllable.

SUPRED = Supreduce(PLANTN,SUPNEW,DATNEW)  (0,0)

PLNTNEW = Sync(UAV1N,UAV2N,DISPAT)  (72,276)  Blocked_events = None  

SUPNEW2 = Supcon(PLNTNEW,SPECAN)  (0,0)

DATNEW2 = Condat(PLNTNEW,SUPNEW2)  Controllable.

SUPRED2 = Supreduce(PLNTNEW,SUPNEW2,DATNEW2)  (0,0)

SPMUTEX = Create(SPMUTEX,[mark 0,1,2],[tran [0,1,0],[0,2,0],[0,3,0],[0,4,0
          ],[0,6,0],[0,8,0],[0,9,1],[0,11,0],[0,13,0],[0,14,0],[0,15,0],[0
          ,16,0],[0,18,0],[0,20,0],[0,21,2],[0,23,0],[0,24,0],[0,25,0],[1,
          1,1],[1,2,1],[1,3,1],[1,4,1],[1,6,1],[1,8,1],[1,10,0],[1,11,1],[
          1,13,1],[1,14,1],[1,15,1],[1,16,1],[1,18,1],[1,20,1],[1,23,1],[1
          ,24,1],[1,25,1],[2,1,2],[2,2,2],[2,3,2],[2,4,2],[2,6,2],[2,8,2],
          [2,11,2],[2,13,2],[2,14,2],[2,15,2],[2,16,2],[2,18,2],[2,20,2],[
          2,22,0],[2,23,2],[2,24,2],[2,25,2]])  (3,52)

SPCOVER = Create(SPCOVER,[mark 0,1,2,3],[tran [0,1,1],[0,6,0],[0,8,0],[0,9
          ,0],[0,10,1],[0,11,1],[0,13,2],[0,18,0],[0,20,0],[0,21,0],[0,22,
          2],[0,23,2],[0,24,0],[0,25,0],[1,2,0],[1,4,0],[1,6,1],[1,8,1],[1
          ,9,1],[1,13,3],[1,18,1],[1,20,1],[1,21,1],[1,22,3],[1,23,3],[1,2
          4,1],[1,25,1],[2,1,3],[2,6,2],[2,8,2],[2,9,2],[2,10,3],[2,11,3],
          [2,14,0],[2,16,0],[2,18,2],[2,20,2],[2,21,2],[2,24,2],[2,25,2],[
          3,2,2],[3,3,2],[3,4,2],[3,6,3],[3,8,3],[3,9,3],[3,14,1],[3,15,1]
          ,[3,16,1],[3,18,3],[3,20,3],[3,21,3],[3,24,3],[3,25,3]])  (4,54)

SPECAN2 = Sync(SPMUTEX,SPCOVER)  (12,138)  Blocked_events = None  

SUPFINAL = Supcon(PLNTNEW,SPECAN2)  (70,248)

DATFINAL = Condat(PLNTNEW,SUPFINAL)  Controllable.

SUPRED3 = Supreduce(PLNTNEW,SUPFINAL,DATFINAL)  (4,34;slb=3)

VERIFYN = Sync(PLNTNEW,SUPRED3)  (70,248)  Blocked_events = None  

true = Isomorph(SUPFINAL,VERIFYN;identity)

SPECMEET = Meet(SPMUTEX,SPCOVER)  (12,138)
           Computing time = 00:00:00

SUPMEET = Supcon(PLNTNEW,SPECMEET)  (70,248)
          Computing time = 00:00:00

DISPAT = Create(DISPAT,[mark 0],[tran [0,9,0],[0,21,0],[0,24,1],[1,25,0]])
           (2,4)

SPCOVER = Create(SPCOVER,[mark 0,1,2,3],[tran [0,1,1],[0,6,0],[0,8,0],[0,9
          ,0],[0,10,1],[0,11,1],[0,13,2],[0,18,0],[0,20,0],[0,21,0],[0,22,
          2],[0,23,2],[0,24,0],[0,25,0],[1,2,0],[1,4,0],[1,6,1],[1,8,1],[1
          ,9,1],[1,13,3],[1,18,1],[1,20,1],[1,21,1],[1,22,3],[1,23,3],[1,2
          4,1],[1,25,1],[2,1,3],[2,6,2],[2,8,2],[2,9,2],[2,10,3],[2,11,3],
          [2,14,0],[2,16,0],[2,18,2],[2,20,2],[2,21,2],[2,24,2],[2,25,2],[
          3,2,2],[3,3,2],[3,4,2],[3,6,3],[3,8,3],[3,9,3],[3,14,1],[3,15,1]
          ,[3,16,1],[3,18,3],[3,20,3],[3,21,3],[3,24,3],[3,25,3]])  (4,54)

SPCOVRC = Create(SPCOVRC,[mark 0,1,2,3],[tran [0,1,1],[0,5,0],[0,6,0],[0,8
          ,0],[0,9,0],[0,10,1],[0,11,1],[0,13,2],[0,17,0],[0,18,0],[0,20,0
          ],[0,21,0],[0,22,2],[0,23,2],[1,2,0],[1,4,0],[1,5,1],[1,6,1],[1,
          8,1],[1,9,1],[1,13,3],[1,17,1],[1,18,1],[1,20,1],[1,21,1],[1,22,
          3],[1,23,3],[1,24,0],[2,1,3],[2,5,2],[2,6,2],[2,8,2],[2,9,2],[2,
          10,3],[2,11,3],[2,14,0],[2,16,0],[2,17,2],[2,18,2],[2,20,2],[2,2
          1,2],[2,26,0],[3,2,2],[3,3,2],[3,4,2],[3,5,3],[3,6,3],[3,8,3],[3
          ,9,3],[3,14,1],[3,15,1],[3,16,1],[3,17,3],[3,18,3],[3,20,3],[3,2
          1,3],[3,24,2],[3,26,1]])  (4,58)

SPECA = Create(SPECA,[mark 1,2],[tran [1,1,2],[1,2,0],[1,3,0],[1,4,0],[1,5
        ,1],[1,6,2],[1,7,1],[1,9,1],[1,11,2],[1,13,2],[1,14,0],[1,15,0],[1
        ,16,0],[1,17,1],[1,18,2],[1,19,1],[1,21,1],[1,23,2],[2,2,1],[2,3,1
        ],[2,4,1],[2,5,2],[2,7,2],[2,9,2],[2,14,1],[2,15,1],[2,16,1],[2,17
        ,2],[2,19,2],[2,21,2]])  (3,30)

SPECB = Create(SPECB,[mark 0,1],[tran [0,1,0],[0,2,1],[0,3,0],[0,4,1],[0,7
        ,0],[0,9,0],[0,13,0],[0,14,1],[0,15,0],[0,16,1],[0,19,0],[0,21,0],
        [1,1,1],[1,2,2],[1,3,1],[1,4,2],[1,5,0],[1,6,0],[1,7,1],[1,9,1],[1
        ,11,0],[1,13,1],[1,14,2],[1,15,1],[1,16,2],[1,17,0],[1,18,0],[1,19
        ,1],[1,21,1],[1,23,0]])  (3,30)

SPECM = Create(SPECM,[mark 0,1],[tran [0,1,0],[0,2,0],[0,3,0],[0,4,0],[0,5
        ,0],[0,7,1],[0,9,0],[0,13,0],[0,14,0],[0,15,0],[0,16,0],[0,17,0],[
        0,19,1],[0,21,0],[1,1,1],[1,2,1],[1,3,1],[1,4,1],[1,5,1],[1,6,0],[
        1,9,1],[1,11,0],[1,13,1],[1,14,1],[1,15,1],[1,16,1],[1,17,1],[1,18
        ,0],[1,21,1],[1,23,0]])  (3,30)

SPMUTEX = Create(SPMUTEX,[mark 0,1,2],[tran [0,1,0],[0,2,0],[0,3,0],[0,4,0
          ],[0,6,0],[0,8,0],[0,9,1],[0,11,0],[0,13,0],[0,14,0],[0,15,0],[0
          ,16,0],[0,18,0],[0,20,0],[0,21,2],[0,23,0],[0,24,0],[0,25,0],[1,
          1,1],[1,2,1],[1,3,1],[1,4,1],[1,6,1],[1,8,1],[1,10,0],[1,11,1],[
          1,13,1],[1,14,1],[1,15,1],[1,16,1],[1,18,1],[1,20,1],[1,23,1],[1
          ,24,1],[1,25,1],[2,1,2],[2,2,2],[2,3,2],[2,4,2],[2,6,2],[2,8,2],
          [2,11,2],[2,13,2],[2,14,2],[2,15,2],[2,16,2],[2,18,2],[2,20,2],[
          2,22,0],[2,23,2],[2,24,2],[2,25,2]])  (3,52)

SR3ADS = Create(SR3ADS,[mark 0,1],[tran [0,1,1],[0,2,1],[0,3,1],[0,4,1],[0
         ,9,2],[0,11,1],[0,13,1],[0,14,1],[0,15,1],[0,16,1],[0,21,2],[0,23
         ,1],[1,1,0],[1,2,0],[1,4,0],[1,9,3],[1,11,0],[1,13,0],[1,14,0],[1
         ,16,0],[1,21,3],[1,23,0],[2,1,3],[2,10,1],[2,11,3],[2,13,3],[2,22
         ,1],[2,23,3],[3,2,2],[3,4,2],[3,10,0],[3,14,2],[3,16,2],[3,22,0]]
         )  (4,34)

SUPFADS = Create(SUPFADS,[mark 0,1,2,6],[tran [0,1,1],[0,13,2],[0,24,3],[1
          ,2,4],[1,4,5],[1,13,6],[1,24,7],[2,1,6],[2,14,8],[2,16,9],[2,24,
          10],[3,1,7],[3,13,10],[3,25,0],[4,8,11],[4,13,12],[4,24,13],[5,6
          ,0],[5,13,14],[5,24,15],[6,2,12],[6,3,2],[6,4,14],[6,14,16],[6,1
          5,1],[6,16,17],[6,24,18],[7,2,13],[7,4,15],[7,13,18],[7,25,1],[8
          ,1,16],[8,20,19],[8,24,20],[9,1,17],[9,18,0],[9,24,21],[10,1,18]
          ,[10,14,20],[10,16,21],[10,25,2],[11,9,22],[11,11,1],[11,13,23],
          [11,24,24],[12,8,23],[12,14,25],[12,16,26],[12,24,27],[13,8,24],
          [13,13,27],[13,25,4],[14,6,2],[14,14,28],[14,16,29],[14,24,30],[
          15,6,3],[15,13,30],[15,25,5],[16,2,25],[16,4,28],[16,20,31],[16,
          24,32],[17,2,26],[17,4,29],[17,18,1],[17,24,33],[18,2,27],[18,3,
          10],[18,4,30],[18,14,32],[18,15,7],[18,16,33],[18,25,6],[19,1,31
          ],[19,21,34],[19,23,2],[19,24,35],[20,1,32],[20,20,35],[20,25,8]
          ,[21,1,33],[21,18,3],[21,25,9],[22,10,1],[22,13,36],[22,24,37],[
          23,9,36],[23,11,6],[23,14,38],[23,16,39],[23,24,40],[24,11,7],[2
          4,13,40],[24,25,11],[25,8,38],[25,20,41],[25,24,42],[26,8,39],[2
          6,18,4],[26,24,43],[27,8,40],[27,14,42],[27,16,43],[27,25,12],[2
          8,6,8],[28,20,44],[28,24,45],[29,6,9],[29,18,5],[29,24,46],[30,6
          ,10],[30,14,45],[30,16,46],[30,25,14],[31,2,41],[31,4,44],[31,21
          ,47],[31,23,6],[31,24,48],[32,2,42],[32,4,45],[32,20,48],[32,25,
          16],[33,2,43],[33,4,46],[33,18,7],[33,25,17],[34,1,47],[34,22,2]
          ,[34,24,49],[35,1,48],[35,23,10],[35,25,19],[36,10,6],[36,14,50]
          ,[36,16,51],[36,24,52],[37,10,7],[37,13,52],[37,25,22],[38,9,50]
          ,[38,11,16],[38,20,53],[38,24,54],[39,9,51],[39,11,17],[39,18,11
          ],[39,24,55],[40,11,18],[40,14,54],[40,16,55],[40,25,23],[41,8,5
          3],[41,21,56],[41,23,12],[41,24,57],[42,8,54],[42,20,57],[42,25,
          25],[43,8,55],[43,18,13],[43,25,26],[44,6,19],[44,21,58],[44,23,
          14],[44,24,59],[45,6,20],[45,20,59],[45,25,28],[46,6,21],[46,18,
          15],[46,25,29],[47,2,56],[47,4,58],[47,22,6],[47,24,60],[48,2,57
          ],[48,4,59],[48,23,18],[48,25,31],[49,1,60],[49,22,10],[49,25,34
          ],[50,10,16],[50,20,61],[50,24,62],[51,10,17],[51,18,22],[51,24,
          63],[52,10,18],[52,14,62],[52,16,63],[52,25,36],[53,9,61],[53,11
          ,31],[53,21,64],[53,23,23],[53,24,65],[54,11,32],[54,20,65],[54,
          25,38],[55,11,33],[55,18,24],[55,25,39],[56,8,64],[56,22,12],[56
          ,24,66],[57,8,65],[57,23,27],[57,25,41],[58,6,34],[58,22,14],[58
          ,24,67],[59,6,35],[59,23,30],[59,25,44],[60,2,66],[60,4,67],[60,
          22,18],[60,25,47],[61,10,31],[61,23,36],[61,24,68],[62,10,32],[6
          2,20,68],[62,25,50],[63,10,33],[63,18,37],[63,25,51],[64,11,47],
          [64,22,23],[64,24,69],[65,11,48],[65,23,40],[65,25,53],[66,8,69]
          ,[66,22,27],[66,25,56],[67,6,49],[67,22,30],[67,25,58],[68,10,48
          ],[68,23,52],[68,25,61],[69,11,60],[69,22,40],[69,25,64]])  (70,
          248)

TEAM = Create(TEAM,[mark 0],[tran [0,5,2],[0,9,1],[0,17,3],[0,21,1],[1,10,
       0],[1,22,0],[2,6,0],[2,21,1],[3,9,1],[3,18,0]])  (4,10)

UAV1 = Create(UAV1,[mark 0],[tran [0,1,1],[1,2,2],[1,3,0],[1,4,3],[2,7,4],
       [3,5,0],[4,9,5],[4,11,1],[5,6,1]])  (6,9)

UAV1C = Create(UAV1C,[mark 0,1],[tran [0,1,1],[1,2,2],[1,3,0],[1,4,3],[1,2
        4,3],[2,8,4],[3,5,3],[3,6,0],[4,9,5],[4,11,1],[5,10,1]])  (6,11)

UAV1N = Create(UAV1N,[mark 0,1],[tran [0,1,1],[1,2,2],[1,3,0],[1,4,3],[2,8
        ,4],[3,6,0],[4,9,5],[4,11,1],[5,10,1]])  (6,9)

UAV2 = Create(UAV2,[mark 0],[tran [0,13,1],[1,14,2],[1,15,0],[1,16,3],[2,1
       9,4],[3,17,0],[4,21,5],[4,23,1],[5,18,1]])  (6,9)

UAV2C = Create(UAV2C,[mark 0,1],[tran [0,13,1],[1,14,2],[1,15,0],[1,16,3],
        [1,26,3],[2,20,4],[3,17,3],[3,18,0],[4,21,5],[4,23,1],[5,22,1]])  
        (6,11)

UAV2N = Create(UAV2N,[mark 0,1],[tran [0,13,1],[1,14,2],[1,15,0],[1,16,3],
        [2,20,4],[3,18,0],[4,21,5],[4,23,1],[5,22,1]])  (6,9)

DISPAT = Create(DISPAT,[mark 0],[tran [0,9,0],[0,21,0],[0,24,1],[1,25,0]])
           (2,4)

SPCOVER = Create(SPCOVER,[mark 0,1,2,3],[tran [0,1,1],[0,6,0],[0,8,0],[0,9
          ,0],[0,10,1],[0,11,1],[0,13,2],[0,18,0],[0,20,0],[0,21,0],[0,22,
          2],[0,23,2],[0,24,0],[0,25,0],[1,2,0],[1,4,0],[1,6,1],[1,8,1],[1
          ,9,1],[1,13,3],[1,18,1],[1,20,1],[1,21,1],[1,22,3],[1,23,3],[1,2
          4,1],[1,25,1],[2,1,3],[2,6,2],[2,8,2],[2,9,2],[2,10,3],[2,11,3],
          [2,14,0],[2,16,0],[2,18,2],[2,20,2],[2,21,2],[2,24,2],[2,25,2],[
          3,2,2],[3,3,2],[3,4,2],[3,6,3],[3,8,3],[3,9,3],[3,14,1],[3,15,1]
          ,[3,16,1],[3,18,3],[3,20,3],[3,21,3],[3,24,3],[3,25,3]])  (4,54)

SPCOVRC = Create(SPCOVRC,[mark 0,1,2,3],[tran [0,1,1],[0,5,0],[0,6,0],[0,8
          ,0],[0,9,0],[0,10,1],[0,11,1],[0,13,2],[0,17,0],[0,18,0],[0,20,0
          ],[0,21,0],[0,22,2],[0,23,2],[1,2,0],[1,4,0],[1,5,1],[1,6,1],[1,
          8,1],[1,9,1],[1,13,3],[1,17,1],[1,18,1],[1,20,1],[1,21,1],[1,22,
          3],[1,23,3],[1,24,0],[2,1,3],[2,5,2],[2,6,2],[2,8,2],[2,9,2],[2,
          10,3],[2,11,3],[2,14,0],[2,16,0],[2,17,2],[2,18,2],[2,20,2],[2,2
          1,2],[2,26,0],[3,2,2],[3,3,2],[3,4,2],[3,5,3],[3,6,3],[3,8,3],[3
          ,9,3],[3,14,1],[3,15,1],[3,16,1],[3,17,3],[3,18,3],[3,20,3],[3,2
          1,3],[3,24,2],[3,26,1]])  (4,58)

SPECA = Create(SPECA,[mark 1,2],[tran [1,1,2],[1,2,0],[1,3,0],[1,4,0],[1,5
        ,1],[1,6,2],[1,7,1],[1,9,1],[1,11,2],[1,13,2],[1,14,0],[1,15,0],[1
        ,16,0],[1,17,1],[1,18,2],[1,19,1],[1,21,1],[1,23,2],[2,2,1],[2,3,1
        ],[2,4,1],[2,5,2],[2,7,2],[2,9,2],[2,14,1],[2,15,1],[2,16,1],[2,17
        ,2],[2,19,2],[2,21,2]])  (3,30)

SPECB = Create(SPECB,[mark 0,1],[tran [0,1,0],[0,2,1],[0,3,0],[0,4,1],[0,7
        ,0],[0,9,0],[0,13,0],[0,14,1],[0,15,0],[0,16,1],[0,19,0],[0,21,0],
        [1,1,1],[1,2,2],[1,3,1],[1,4,2],[1,5,0],[1,6,0],[1,7,1],[1,9,1],[1
        ,11,0],[1,13,1],[1,14,2],[1,15,1],[1,16,2],[1,17,0],[1,18,0],[1,19
        ,1],[1,21,1],[1,23,0]])  (3,30)

SPECM = Create(SPECM,[mark 0,1],[tran [0,1,0],[0,2,0],[0,3,0],[0,4,0],[0,5
        ,0],[0,7,1],[0,9,0],[0,13,0],[0,14,0],[0,15,0],[0,16,0],[0,17,0],[
        0,19,1],[0,21,0],[1,1,1],[1,2,1],[1,3,1],[1,4,1],[1,5,1],[1,6,0],[
        1,9,1],[1,11,0],[1,13,1],[1,14,1],[1,15,1],[1,16,1],[1,17,1],[1,18
        ,0],[1,21,1],[1,23,0]])  (3,30)

SPFIFO = Create(SPFIFO,[mark 0,1,2,3,4],[tran [0,1,0],[0,2,0],[0,3,0],[0,4
         ,1],[0,5,0],[0,8,0],[0,9,0],[0,10,0],[0,11,0],[0,13,0],[0,14,0],[
         0,15,0],[0,16,2],[0,17,0],[0,20,0],[0,21,0],[0,22,0],[0,23,0],[0,
         24,1],[0,26,2],[1,1,1],[1,2,1],[1,3,1],[1,5,1],[1,6,0],[1,8,1],[1
         ,9,1],[1,10,1],[1,11,1],[1,13,1],[1,14,1],[1,15,1],[1,16,3],[1,17
         ,1],[1,20,1],[1,21,1],[1,22,1],[1,23,1],[1,26,3],[2,1,2],[2,2,2],
         [2,3,2],[2,4,4],[2,5,2],[2,8,2],[2,9,2],[2,10,2],[2,11,2],[2,13,2
         ],[2,14,2],[2,15,2],[2,17,2],[2,18,0],[2,20,2],[2,21,2],[2,22,2],
         [2,23,2],[2,24,4],[3,1,3],[3,2,3],[3,3,3],[3,5,3],[3,6,2],[3,8,3]
         ,[3,9,3],[3,10,3],[3,11,3],[3,13,3],[3,14,3],[3,15,3],[3,20,3],[3
         ,21,3],[3,22,3],[3,23,3],[4,1,4],[4,2,4],[4,3,4],[4,8,4],[4,9,4],
         [4,10,4],[4,11,4],[4,13,4],[4,14,4],[4,15,4],[4,17,4],[4,18,1],[4
         ,20,4],[4,21,4],[4,22,4],[4,23,4]])  (5,90)

SPMUTEX = Create(SPMUTEX,[mark 0,1,2],[tran [0,1,0],[0,2,0],[0,3,0],[0,4,0
          ],[0,6,0],[0,8,0],[0,9,1],[0,11,0],[0,13,0],[0,14,0],[0,15,0],[0
          ,16,0],[0,18,0],[0,20,0],[0,21,2],[0,23,0],[0,24,0],[0,25,0],[1,
          1,1],[1,2,1],[1,3,1],[1,4,1],[1,6,1],[1,8,1],[1,10,0],[1,11,1],[
          1,13,1],[1,14,1],[1,15,1],[1,16,1],[1,18,1],[1,20,1],[1,23,1],[1
          ,24,1],[1,25,1],[2,1,2],[2,2,2],[2,3,2],[2,4,2],[2,6,2],[2,8,2],
          [2,11,2],[2,13,2],[2,14,2],[2,15,2],[2,16,2],[2,18,2],[2,20,2],[
          2,22,0],[2,23,2],[2,24,2],[2,25,2]])  (3,52)

SR3ADS = Create(SR3ADS,[mark 0,1],[tran [0,1,1],[0,2,1],[0,3,1],[0,4,1],[0
         ,9,2],[0,11,1],[0,13,1],[0,14,1],[0,15,1],[0,16,1],[0,21,2],[0,23
         ,1],[1,1,0],[1,2,0],[1,4,0],[1,9,3],[1,11,0],[1,13,0],[1,14,0],[1
         ,16,0],[1,21,3],[1,23,0],[2,1,3],[2,10,1],[2,11,3],[2,13,3],[2,22
         ,1],[2,23,3],[3,2,2],[3,4,2],[3,10,0],[3,14,2],[3,16,2],[3,22,0]]
         )  (4,34)

SUPFADS = Create(SUPFADS,[mark 0,1,2,6],[tran [0,1,1],[0,13,2],[0,24,3],[1
          ,2,4],[1,4,5],[1,13,6],[1,24,7],[2,1,6],[2,14,8],[2,16,9],[2,24,
          10],[3,1,7],[3,13,10],[3,25,0],[4,8,11],[4,13,12],[4,24,13],[5,6
          ,0],[5,13,14],[5,24,15],[6,2,12],[6,3,2],[6,4,14],[6,14,16],[6,1
          5,1],[6,16,17],[6,24,18],[7,2,13],[7,4,15],[7,13,18],[7,25,1],[8
          ,1,16],[8,20,19],[8,24,20],[9,1,17],[9,18,0],[9,24,21],[10,1,18]
          ,[10,14,20],[10,16,21],[10,25,2],[11,9,22],[11,11,1],[11,13,23],
          [11,24,24],[12,8,23],[12,14,25],[12,16,26],[12,24,27],[13,8,24],
          [13,13,27],[13,25,4],[14,6,2],[14,14,28],[14,16,29],[14,24,30],[
          15,6,3],[15,13,30],[15,25,5],[16,2,25],[16,4,28],[16,20,31],[16,
          24,32],[17,2,26],[17,4,29],[17,18,1],[17,24,33],[18,2,27],[18,3,
          10],[18,4,30],[18,14,32],[18,15,7],[18,16,33],[18,25,6],[19,1,31
          ],[19,21,34],[19,23,2],[19,24,35],[20,1,32],[20,20,35],[20,25,8]
          ,[21,1,33],[21,18,3],[21,25,9],[22,10,1],[22,13,36],[22,24,37],[
          23,9,36],[23,11,6],[23,14,38],[23,16,39],[23,24,40],[24,11,7],[2
          4,13,40],[24,25,11],[25,8,38],[25,20,41],[25,24,42],[26,8,39],[2
          6,18,4],[26,24,43],[27,8,40],[27,14,42],[27,16,43],[27,25,12],[2
          8,6,8],[28,20,44],[28,24,45],[29,6,9],[29,18,5],[29,24,46],[30,6
          ,10],[30,14,45],[30,16,46],[30,25,14],[31,2,41],[31,4,44],[31,21
          ,47],[31,23,6],[31,24,48],[32,2,42],[32,4,45],[32,20,48],[32,25,
          16],[33,2,43],[33,4,46],[33,18,7],[33,25,17],[34,1,47],[34,22,2]
          ,[34,24,49],[35,1,48],[35,23,10],[35,25,19],[36,10,6],[36,14,50]
          ,[36,16,51],[36,24,52],[37,10,7],[37,13,52],[37,25,22],[38,9,50]
          ,[38,11,16],[38,20,53],[38,24,54],[39,9,51],[39,11,17],[39,18,11
          ],[39,24,55],[40,11,18],[40,14,54],[40,16,55],[40,25,23],[41,8,5
          3],[41,21,56],[41,23,12],[41,24,57],[42,8,54],[42,20,57],[42,25,
          25],[43,8,55],[43,18,13],[43,25,26],[44,6,19],[44,21,58],[44,23,
          14],[44,24,59],[45,6,20],[45,20,59],[45,25,28],[46,6,21],[46,18,
          15],[46,25,29],[47,2,56],[47,4,58],[47,22,6],[47,24,60],[48,2,57
          ],[48,4,59],[48,23,18],[48,25,31],[49,1,60],[49,22,10],[49,25,34
          ],[50,10,16],[50,20,61],[50,24,62],[51,10,17],[51,18,22],[51,24,
          63],[52,10,18],[52,14,62],[52,16,63],[52,25,36],[53,9,61],[53,11
          ,31],[53,21,64],[53,23,23],[53,24,65],[54,11,32],[54,20,65],[54,
          25,38],[55,11,33],[55,18,24],[55,25,39],[56,8,64],[56,22,12],[56
          ,24,66],[57,8,65],[57,23,27],[57,25,41],[58,6,34],[58,22,14],[58
          ,24,67],[59,6,35],[59,23,30],[59,25,44],[60,2,66],[60,4,67],[60,
          22,18],[60,25,47],[61,10,31],[61,23,36],[61,24,68],[62,10,32],[6
          2,20,68],[62,25,50],[63,10,33],[63,18,37],[63,25,51],[64,11,47],
          [64,22,23],[64,24,69],[65,11,48],[65,23,40],[65,25,53],[66,8,69]
          ,[66,22,27],[66,25,56],[67,6,49],[67,22,30],[67,25,58],[68,10,48
          ],[68,23,52],[68,25,61],[69,11,60],[69,22,40],[69,25,64]])  (70,
          248)

TEAM = Create(TEAM,[mark 0],[tran [0,5,2],[0,9,1],[0,17,3],[0,21,1],[1,10,
       0],[1,22,0],[2,6,0],[2,21,1],[3,9,1],[3,18,0]])  (4,10)

UAV1 = Create(UAV1,[mark 0],[tran [0,1,1],[1,2,2],[1,3,0],[1,4,3],[2,7,4],
       [3,5,0],[4,9,5],[4,11,1],[5,6,1]])  (6,9)

UAV1C = Create(UAV1C,[mark 0,1],[tran [0,1,1],[1,2,2],[1,3,0],[1,4,3],[1,2
        4,3],[2,8,4],[3,5,3],[3,6,0],[4,9,5],[4,11,1],[5,10,1]])  (6,11)

UAV1N = Create(UAV1N,[mark 0,1],[tran [0,1,1],[1,2,2],[1,3,0],[1,4,3],[2,8
        ,4],[3,6,0],[4,9,5],[4,11,1],[5,10,1]])  (6,9)

UAV2 = Create(UAV2,[mark 0],[tran [0,13,1],[1,14,2],[1,15,0],[1,16,3],[2,1
       9,4],[3,17,0],[4,21,5],[4,23,1],[5,18,1]])  (6,9)

UAV2C = Create(UAV2C,[mark 0,1],[tran [0,13,1],[1,14,2],[1,15,0],[1,16,3],
        [1,26,3],[2,20,4],[3,17,3],[3,18,0],[4,21,5],[4,23,1],[5,22,1]])  
        (6,11)

UAV2N = Create(UAV2N,[mark 0,1],[tran [0,13,1],[1,14,2],[1,15,0],[1,16,3],
        [2,20,4],[3,18,0],[4,21,5],[4,23,1],[5,22,1]])  (6,9)

PLANTC = Sync(UAV1C,UAV2C,TEAM)  (45,140)  Blocked_events = None  
         Computing time = 00:00:00

SPECC = Meet(SPCOVRC,SPFIFO)  (20,234)
        Computing time = 00:00:00

SUPC = Supcon(PLANTC,SPECC)  (46,128)
       Computing time = 00:00:00

DATC = Condat(PLANTC,SUPC)  Controllable.
       Computing time = 00:00:00

